1422845400 94 11.75
1422845408 103 12.875
1422845416 87 10.875
1422845424 99 12.375
1422845432 97 12.125
1422845440 69 8.625
1422845448 59 7.375
1422845456 55 6.875
1422845464 43 5.375
1422845472 55 6.875
1422845480 40 5.0
1422845488 57 7.125
1422845496 38 4.75
1422845504 53 6.625
1422845512 61 7.625
1422845520 51 6.375
1422845528 50 6.25
1422845536 51 6.375
1422845544 51 6.375
1422845552 31 3.875
1422845560 49 6.125
1422845568 42 5.25
1422845576 38 4.75
1422845584 28 3.5
1422845592 40 5.0
1422845600 43 5.375
1422845608 35 4.375
1422845616 28 3.5
1422845624 15 1.875
1422845632 38 4.75
1422845640 34 4.25
1422845648 33 4.125
1422845656 33 4.125
1422845664 34 4.25
1422845672 15 1.875
1422845680 13 1.625
1422845688 33 4.125
1422845696 23 2.875
1422845704 33 4.125
1422845712 29 3.625
1422845720 25 3.125
1422845728 32 4.0
1422845736 24 3.0
1422845744 16 2.0
1422845752 22 2.75
1422845760 21 2.625
1422845768 24 3.0
1422845776 34 4.25
1422845784 24 3.0
1422845792 28 3.5
1422845800 17 2.125
1422845808 11 1.375
1422845816 16 2.0
1422845824 11 1.375
1422845832 18 2.25
1422845840 10 1.25
1422845848 27 3.375
1422845856 19 2.375
1422845864 32 4.0
1422845872 26 3.25
1422845880 46 5.75
1422845888 38 4.75
1422845896 46 5.75
1422845904 60 7.5
1422845912 61 7.625
1422845920 67 8.375
1422845928 57 7.125
1422845936 46 5.75
1422845944 40 5.0
1422845952 28 3.5
1422845960 32 4.0
1422845968 34 4.25
1422845976 10 1.25
1422845984 13 1.625
1422845992 24 3.0
1422846000 63 7.875
1422846008 114 14.25
1422846016 164 20.5
1422846024 143 17.875
1422846032 167 20.875
1422846040 181 22.625
1422846048 134 16.75
1422846056 211 26.375
1422846064 227 28.375
1422846072 207 25.875
1422846080 215 26.875
1422846088 203 25.375
1422846096 184 23.0
1422846104 198 24.75
1422846112 186 23.25
1422846120 177 22.125
1422846128 132 16.5
1422846136 121 15.125
1422846144 128 16.0
1422846152 129 16.125
1422846160 113 14.125
1422846168 89 11.125
1422846176 96 12.0
1422846184 86 10.75
1422846192 78 9.75
1422846200 61 7.625
1422846208 91 11.375
1422846216 108 13.5
1422846224 125 15.625
1422846232 97 12.125
1422846240 75 9.375
1422846248 73 9.125
1422846256 70 8.75
1422846264 83 10.375
1422846272 78 9.75
1422846280 58 7.25
1422846288 96 12.0
1422846296 75 9.375
1422846304 71 8.875
1422846312 72 9.0
1422846320 78 9.75
1422846328 101 12.625
1422846336 95 11.875
1422846344 98 12.25
1422846352 94 11.75
1422846360 104 13.0
1422846368 98 12.25
1422846376 118 14.75
1422846384 144 18.0
1422846392 170 21.25
1422846400 215 26.875
1422846408 244 30.5
1422846416 190 23.75
1422846424 195 24.375
1422846432 219 27.375
1422846440 206 25.75
1422846448 175 21.875
1422846456 204 25.5
1422846464 285 35.625
1422846472 228 28.5
1422846480 236 29.5
1422846488 250 31.25
1422846496 259 32.375
1422846504 249 31.125
1422846512 233 29.125
1422846520 219 27.375
1422846528 231 28.875
1422846536 217 27.125
1422846544 253 31.625
1422846552 207 25.875
1422846560 213 26.625
1422846568 181 22.625
1422846576 205 25.625
1422846584 189 23.625
1422846592 196 24.5
1422846600 142 17.75
1422846608 172 21.5
1422846616 125 15.625
1422846624 160 20.0
1422846632 130 16.25
1422846640 158 19.75
1422846648 202 25.25
1422846656 167 20.875
1422846664 152 19.0
1422846672 162 20.25
1422846680 120 15.0
1422846688 109 13.625
1422846696 85 10.625
1422846704 135 16.875
1422846712 141 17.625
1422846720 136 17.0
1422846728 87 10.875
1422846736 126 15.75
1422846744 97 12.125
1422846752 105 13.125
1422846760 113 14.125
1422846768 119 14.875
1422846776 115 14.375
1422846784 106 13.25
1422846792 105 13.125
1422846800 99 12.375
1422846808 113 14.125
1422846816 116 14.5
1422846824 97 12.125
1422846832 95 11.875
1422846840 73 9.125
1422846848 91 11.375
1422846856 86 10.75
1422846864 91 11.375
1422846872 117 14.625
1422846880 98 12.25
1422846888 124 15.5
1422846896 75 9.375
1422846904 80 10.0
1422846912 103 12.875
1422846920 76 9.5
1422846928 89 11.125
1422846936 70 8.75
1422846944 90 11.25
1422846952 79 9.875
1422846960 100 12.5
1422846968 90 11.25
1422846976 71 8.875
1422846984 84 10.5
1422846992 94 11.75
1422847000 79 9.875
1422847008 95 11.875
1422847016 129 16.125
1422847024 78 9.75
1422847032 73 9.125
1422847040 75 9.375
1422847048 71 8.875
1422847056 85 10.625
1422847064 92 11.5
1422847072 93 11.625
1422847080 64 8.0
1422847088 90 11.25
1422847096 90 11.25
1422847104 80 10.0
1422847112 77 9.625
1422847120 81 10.125
1422847128 86 10.75
1422847136 73 9.125
1422847144 70 8.75
1422847152 87 10.875
1422847160 89 11.125
1422847168 88 11.0
1422847176 84 10.5
1422847184 79 9.875
1422847192 63 7.875
1422847200 77 9.625
1422847208 58 7.25
1422847216 60 7.5
1422847224 62 7.75
1422847232 65 8.125
1422847240 50 6.25
1422847248 77 9.625
1422847256 54 6.75
1422847264 64 8.0
1422847272 46 5.75
1422847280 46 5.75
1422847288 65 8.125
1422847296 84 10.5
1422847304 82 10.25
1422847312 74 9.25
1422847320 69 8.625
1422847328 66 8.25
1422847336 55 6.875
1422847344 76 9.5
1422847352 77 9.625
1422847360 88 11.0
1422847368 81 10.125
1422847376 69 8.625
1422847384 72 9.0
1422847392 61 7.625
1422847400 53 6.625
1422847408 51 6.375
1422847416 66 8.25
1422847424 57 7.125
1422847432 77 9.625
1422847440 62 7.75
1422847448 70 8.75
1422847456 43 5.375
1422847464 66 8.25
1422847472 64 8.0
1422847480 52 6.5
1422847488 53 6.625
1422847496 68 8.5
1422847504 71 8.875
1422847512 64 8.0
1422847520 53 6.625
1422847528 58 7.25
1422847536 52 6.5
1422847544 62 7.75
1422847552 63 7.875
1422847560 68 8.5
1422847568 51 6.375
1422847576 60 7.5
1422847584 53 6.625
1422847592 62 7.75
1422847600 60 7.5
1422847608 71 8.875
1422847616 51 6.375
1422847624 56 7.0
1422847632 63 7.875
1422847640 55 6.875
1422847648 73 9.125
1422847656 58 7.25
1422847664 58 7.25
1422847672 67 8.375
1422847680 64 8.0
1422847688 57 7.125
1422847696 53 6.625
1422847704 65 8.125
1422847712 57 7.125
1422847720 56 7.0
1422847728 65 8.125
1422847736 64 8.0
1422847744 58 7.25
1422847752 43 5.375
1422847760 47 5.875
1422847768 64 8.0
1422847776 48 6.0
1422847784 42 5.25
1422847792 75 9.375
1422847800 54 6.75
1422847808 46 5.75
1422847816 56 7.0
1422847824 61 7.625
1422847832 53 6.625
1422847840 44 5.5
1422847848 60 7.5
1422847856 53 6.625
1422847864 51 6.375
1422847872 33 4.125
1422847880 41 5.125
1422847888 26 3.25
1422847896 43 5.375
1422847904 45 5.625
1422847912 40 5.0
1422847920 55 6.875
1422847928 36 4.5
1422847936 53 6.625
1422847944 45 5.625
1422847952 40 5.0
1422847960 36 4.5
1422847968 61 7.625
1422847976 36 4.5
1422847984 32 4.0
1422847992 49 6.125
1422848000 47 5.875
1422848008 66 8.25
1422848016 45 5.625
1422848024 38 4.75
1422848032 45 5.625
1422848040 46 5.75
1422848048 47 5.875
1422848056 31 3.875
1422848064 48 6.0
1422848072 43 5.375
1422848080 48 6.0
1422848088 49 6.125
1422848096 39 4.875
1422848104 40 5.0
1422848112 42 5.25
1422848120 40 5.0
1422848128 45 5.625
1422848136 31 3.875
1422848144 34 4.25
1422848152 51 6.375
1422848160 30 3.75
1422848168 30 3.75
1422848176 37 4.625
1422848184 32 4.0
1422848192 30 3.75
1422848200 27 3.375
1422848208 41 5.125
1422848216 45 5.625
1422848224 40 5.0
1422848232 40 5.0
1422848240 39 4.875
1422848248 38 4.75
1422848256 37 4.625
1422848264 26 3.25
1422848272 44 5.5
1422848280 39 4.875
1422848288 45 5.625
1422848296 35 4.375
1422848304 49 6.125
1422848312 44 5.5
1422848320 40 5.0
1422848328 54 6.75
1422848336 40 5.0
1422848344 42 5.25
1422848352 31 3.875
1422848360 31 3.875
1422848368 30 3.75
1422848376 37 4.625
1422848384 24 3.0
1422848392 39 4.875
1422848400 27 3.375
1422848408 23 2.875
1422848416 33 4.125
1422848424 22 2.75
1422848432 28 3.5
1422848440 27 3.375
1422848448 46 5.75
1422848456 32 4.0
1422848464 25 3.125
1422848472 37 4.625
1422848480 34 4.25
1422848488 33 4.125
1422848496 45 5.625
1422848504 57 7.125
1422848512 51 6.375
1422848520 55 6.875
1422848528 47 5.875
1422848536 55 6.875
1422848544 49 6.125
1422848552 59 7.375
1422848560 55 6.875
1422848568 37 4.625
1422848576 35 4.375
1422848584 26 3.25
1422848592 36 4.5
1422848600 29 3.625
1422848608 32 4.0
1422848616 29 3.625
1422848624 36 4.5
1422848632 36 4.5
1422848640 42 5.25
1422848648 38 4.75
1422848656 49 6.125
1422848664 31 3.875
1422848672 32 4.0
1422848680 29 3.625
1422848688 26 3.25
1422848696 25 3.125
1422848704 32 4.0
1422848712 28 3.5
1422848720 29 3.625
1422848728 23 2.875
1422848736 33 4.125
1422848744 33 4.125
1422848752 48 6.0
1422848760 29 3.625
1422848768 21 2.625
1422848776 26 3.25
1422848784 31 3.875
1422848792 37 4.625
1422848800 32 4.0
1422848808 33 4.125
1422848816 30 3.75
1422848824 33 4.125
1422848832 28 3.5
1422848840 25 3.125
1422848848 16 2.0
1422848856 26 3.25
1422848864 19 2.375
1422848872 33 4.125
1422848880 29 3.625
1422848888 39 4.875
1422848896 23 2.875
1422848904 32 4.0
1422848912 25 3.125
1422848920 30 3.75
1422848928 37 4.625
1422848936 27 3.375
1422848944 21 2.625
1422848952 35 4.375
1422848960 20 2.5
1422848968 26 3.25
1422848976 18 2.25
1422848984 30 3.75
1422848992 32 4.0
1422849000 31 3.875
1422849008 30 3.75
1422849016 31 3.875
1422849024 27 3.375
1422849032 28 3.5
1422849040 37 4.625
1422849048 22 2.75
1422849056 27 3.375
1422849064 31 3.875
1422849072 21 2.625
1422849080 29 3.625
1422849088 34 4.25
1422849096 16 2.0
1422849104 21 2.625
1422849112 17 2.125
1422849120 20 2.5
1422849128 25 3.125
1422849136 20 2.5
1422849144 28 3.5
1422849152 6 0.75
1422849160 5 0.625
1422849168 4 0.5
1422849176 4 0.5
1422849184 1 0.125
1422849192 6 0.75
1422849200 4 0.5
1422849208 2 0.25
1422849216 3 0.375
1422849224 4 0.5
1422849232 1 0.125
1422849240 2 0.25
1422849248 4 0.5
1422849256 3 0.375
1422849264 5 0.625
1422849272 5 0.625
1422849280 2 0.25
1422849288 4 0.5
1422849296 3 0.375
1422849304 2 0.25
1422849312 3 0.375
1422849320 3 0.375
1422849328 4 0.5
1422849336 5 0.625
1422849344 2 0.25
1422849352 4 0.5
1422849360 1 0.125
1422849368 1 0.125
1422849376 4 0.5
1422849384 4 0.5
1422849392 6 0.75
1422849400 3 0.375
1422849408 4 0.5
1422849416 1 0.125
1422849424 2 0.25
1422849432 0 0.0
1422849440 2 0.25
1422849448 4 0.5
1422849456 4 0.5
1422849464 1 0.125
1422849472 1 0.125
1422849480 4 0.5
1422849488 4 0.5
1422849496 2 0.25
1422849504 5 0.625
1422849512 4 0.5
1422849520 3 0.375
1422849528 8 1.0
1422849536 4 0.5
1422849544 2 0.25
1422849552 2 0.25
1422849560 2 0.25
1422849568 5 0.625
1422849576 4 0.5
1422849584 3 0.375
1422849592 2 0.25
1422849600 1 0.125
