1422845400 177 35.4
1422845408 175 35.0
1422845416 182 36.4
1422845424 187 37.4
1422845432 168 33.6
1422845440 136 27.2
1422845448 121 24.2
1422845456 129 25.8
1422845464 116 23.2
1422845472 149 29.8
1422845480 138 27.6
1422845488 165 33.0
1422845496 145 29.0
1422845504 174 34.8
1422845512 146 29.2
1422845520 137 27.4
1422845528 149 29.8
1422845536 141 28.2
1422845544 137 27.4
1422845552 120 24.0
1422845560 137 27.4
1422845568 153 30.6
1422845576 149 29.8
1422845584 69 13.8
1422845592 113 22.6
1422845600 106 21.2
1422845608 105 21.0
1422845616 87 17.4
1422845624 86 17.2
1422845632 104 20.8
1422845640 83 16.6
1422845648 69 13.8
1422845656 91 18.2
1422845664 67 13.4
1422845672 50 10.0
1422845680 50 10.0
1422845688 68 13.6
1422845696 94 18.8
1422845704 70 14.0
1422845712 93 18.6
1422845720 77 15.4
1422845728 69 13.8
1422845736 67 13.4
1422845744 43 8.6
1422845752 54 10.8
1422845760 50 10.0
1422845768 80 16.0
1422845776 64 12.8
1422845784 63 12.6
1422845792 78 15.6
1422845800 68 13.6
1422845808 72 14.4
1422845816 64 12.8
1422845824 83 16.6
1422845832 119 23.8
1422845840 141 28.2
1422845848 201 40.2
1422845856 255 51.0
1422845864 283 56.6
1422845872 323 64.6
1422845880 371 74.2
1422845888 327 65.4
1422845896 379 75.8
1422845904 390 78.0
1422845912 392 78.4
1422845920 379 75.8
1422845928 374 74.8
1422845936 352 70.4
1422845944 277 55.4
1422845952 255 51.0
1422845960 286 57.2
1422845968 239 47.8
1422845976 70 14.0
1422845984 80 16.0
1422845992 91 18.2
1422846000 189 37.8
1422846008 247 49.4
1422846016 328 65.6
1422846024 315 63.0
1422846032 389 77.8
1422846040 365 73.0
1422846048 359 71.8
1422846056 391 78.2
1422846064 413 82.6
1422846072 393 78.6
1422846080 385 77.0
1422846088 377 75.4
1422846096 440 88.0
1422846104 444 88.8
1422846112 429 85.8
1422846120 408 81.6
1422846128 293 58.6
1422846136 316 63.2
1422846144 277 55.4
1422846152 273 54.6
1422846160 292 58.4
1422846168 244 48.8
1422846176 248 49.6
1422846184 190 38.0
1422846192 205 41.0
1422846200 156 31.2
1422846208 169 33.8
1422846216 275 55.0
1422846224 236 47.2
1422846232 224 44.8
1422846240 155 31.0
1422846248 201 40.2
1422846256 276 55.2
1422846264 371 74.2
1422846272 429 85.8
1422846280 380 76.0
1422846288 428 85.6
1422846296 411 82.2
1422846304 312 62.4
1422846312 286 57.2
1422846320 306 61.2
1422846328 326 65.2
1422846336 299 59.8
1422846344 320 64.0
1422846352 313 62.6
1422846360 255 51.0
1422846368 265 53.0
1422846376 244 48.8
1422846384 265 53.0
1422846392 307 61.4
1422846400 295 59.0
1422846408 339 67.8
1422846416 276 55.2
1422846424 289 57.8
1422846432 316 63.2
1422846440 290 58.0
1422846448 263 52.6
1422846456 322 64.4
1422846464 341 68.2
1422846472 312 62.4
1422846480 316 63.2
1422846488 312 62.4
1422846496 326 65.2
1422846504 345 69.0
1422846512 295 59.0
1422846520 249 49.8
1422846528 259 51.8
1422846536 269 53.8
1422846544 252 50.4
1422846552 274 54.8
1422846560 240 48.0
1422846568 242 48.4
1422846576 261 52.2
1422846584 225 45.0
1422846592 190 38.0
1422846600 171 34.2
1422846608 216 43.2
1422846616 181 36.2
1422846624 177 35.4
1422846632 164 32.8
1422846640 172 34.4
1422846648 218 43.6
1422846656 249 49.8
1422846664 195 39.0
1422846672 172 34.4
1422846680 130 26.0
1422846688 155 31.0
1422846696 101 20.2
1422846704 143 28.6
1422846712 135 27.0
1422846720 167 33.4
1422846728 151 30.2
1422846736 111 22.2
1422846744 116 23.2
1422846752 118 23.6
1422846760 119 23.8
1422846768 121 24.2
1422846776 103 20.6
1422846784 122 24.4
1422846792 118 23.6
1422846800 105 21.0
1422846808 103 20.6
1422846816 122 24.4
1422846824 118 23.6
1422846832 119 23.8
1422846840 102 20.4
1422846848 92 18.4
1422846856 106 21.2
1422846864 116 23.2
1422846872 111 22.2
1422846880 96 19.2
1422846888 110 22.0
1422846896 97 19.4
1422846904 91 18.2
1422846912 95 19.0
1422846920 82 16.4
1422846928 107 21.4
1422846936 63 12.6
1422846944 79 15.8
1422846952 95 19.0
1422846960 115 23.0
1422846968 104 20.8
1422846976 97 19.4
1422846984 92 18.4
1422846992 100 20.0
1422847000 89 17.8
1422847008 99 19.8
1422847016 105 21.0
1422847024 86 17.2
1422847032 87 17.4
1422847040 80 16.0
1422847048 95 19.0
1422847056 94 18.8
1422847064 81 16.2
1422847072 86 17.2
1422847080 97 19.4
1422847088 66 13.2
1422847096 72 14.4
1422847104 71 14.2
1422847112 73 14.6
1422847120 70 14.0
1422847128 76 15.2
1422847136 67 13.4
1422847144 66 13.2
1422847152 70 14.0
1422847160 74 14.8
1422847168 94 18.8
1422847176 85 17.0
1422847184 74 14.8
1422847192 81 16.2
1422847200 64 12.8
1422847208 63 12.6
1422847216 58 11.6
1422847224 73 14.6
1422847232 58 11.6
1422847240 53 10.6
1422847248 61 12.2
1422847256 71 14.2
1422847264 70 14.0
1422847272 58 11.6
1422847280 55 11.0
1422847288 76 15.2
1422847296 67 13.4
1422847304 54 10.8
1422847312 67 13.4
1422847320 63 12.6
1422847328 47 9.4
1422847336 64 12.8
1422847344 83 16.6
1422847352 66 13.2
1422847360 67 13.4
1422847368 78 15.6
1422847376 82 16.4
1422847384 69 13.8
1422847392 47 9.4
1422847400 67 13.4
1422847408 69 13.8
1422847416 84 16.8
1422847424 69 13.8
1422847432 55 11.0
1422847440 73 14.6
1422847448 81 16.2
1422847456 72 14.4
1422847464 60 12.0
1422847472 61 12.2
1422847480 75 15.0
1422847488 46 9.2
1422847496 56 11.2
1422847504 54 10.8
1422847512 53 10.6
1422847520 57 11.4
1422847528 52 10.4
1422847536 68 13.6
1422847544 65 13.0
1422847552 64 12.8
1422847560 72 14.4
1422847568 61 12.2
1422847576 60 12.0
1422847584 68 13.6
1422847592 64 12.8
1422847600 68 13.6
1422847608 75 15.0
1422847616 76 15.2
1422847624 46 9.2
1422847632 53 10.6
1422847640 73 14.6
1422847648 56 11.2
1422847656 57 11.4
1422847664 53 10.6
1422847672 57 11.4
1422847680 61 12.2
1422847688 71 14.2
1422847696 61 12.2
1422847704 69 13.8
1422847712 62 12.4
1422847720 63 12.6
1422847728 72 14.4
1422847736 55 11.0
1422847744 60 12.0
1422847752 62 12.4
1422847760 43 8.6
1422847768 40 8.0
1422847776 51 10.2
1422847784 61 12.2
1422847792 45 9.0
1422847800 52 10.4
1422847808 40 8.0
1422847816 41 8.2
1422847824 44 8.8
1422847832 38 7.6
1422847840 43 8.6
1422847848 39 7.8
1422847856 37 7.4
1422847864 26 5.2
1422847872 24 4.8
1422847880 41 8.2
1422847888 44 8.8
1422847896 36 7.2
1422847904 34 6.8
1422847912 36 7.2
1422847920 33 6.6
1422847928 22 4.4
1422847936 40 8.0
1422847944 42 8.4
1422847952 37 7.4
1422847960 38 7.6
1422847968 39 7.8
1422847976 50 10.0
1422847984 35 7.0
1422847992 50 10.0
1422848000 27 5.4
1422848008 47 9.4
1422848016 35 7.0
1422848024 39 7.8
1422848032 33 6.6
1422848040 41 8.2
1422848048 35 7.0
1422848056 41 8.2
1422848064 43 8.6
1422848072 42 8.4
1422848080 36 7.2
1422848088 41 8.2
1422848096 34 6.8
1422848104 30 6.0
1422848112 47 9.4
1422848120 39 7.8
1422848128 42 8.4
1422848136 37 7.4
1422848144 29 5.8
1422848152 31 6.2
1422848160 39 7.8
1422848168 30 6.0
1422848176 29 5.8
1422848184 25 5.0
1422848192 50 10.0
1422848200 29 5.8
1422848208 37 7.4
1422848216 33 6.6
1422848224 38 7.6
1422848232 32 6.4
1422848240 29 5.8
1422848248 34 6.8
1422848256 32 6.4
1422848264 29 5.8
1422848272 33 6.6
1422848280 27 5.4
1422848288 30 6.0
1422848296 36 7.2
1422848304 37 7.4
1422848312 30 6.0
1422848320 25 5.0
1422848328 29 5.8
1422848336 29 5.8
1422848344 27 5.4
1422848352 22 4.4
1422848360 22 4.4
1422848368 33 6.6
1422848376 23 4.6
1422848384 29 5.8
1422848392 32 6.4
1422848400 24 4.8
1422848408 28 5.6
1422848416 30 6.0
1422848424 26 5.2
1422848432 23 4.6
1422848440 21 4.2
1422848448 21 4.2
1422848456 33 6.6
1422848464 34 6.8
1422848472 22 4.4
1422848480 25 5.0
1422848488 34 6.8
1422848496 23 4.6
1422848504 23 4.6
1422848512 29 5.8
1422848520 15 3.0
1422848528 14 2.8
1422848536 28 5.6
1422848544 25 5.0
1422848552 25 5.0
1422848560 29 5.8
1422848568 35 7.0
1422848576 21 4.2
1422848584 23 4.6
1422848592 27 5.4
1422848600 21 4.2
1422848608 30 6.0
1422848616 19 3.8
1422848624 21 4.2
1422848632 29 5.8
1422848640 21 4.2
1422848648 30 6.0
1422848656 23 4.6
1422848664 28 5.6
1422848672 20 4.0
1422848680 13 2.6
1422848688 20 4.0
1422848696 29 5.8
1422848704 15 3.0
1422848712 19 3.8
1422848720 19 3.8
1422848728 22 4.4
1422848736 17 3.4
1422848744 28 5.6
1422848752 19 3.8
1422848760 19 3.8
1422848768 18 3.6
1422848776 15 3.0
1422848784 28 5.6
1422848792 18 3.6
1422848800 25 5.0
1422848808 19 3.8
1422848816 33 6.6
1422848824 20 4.0
1422848832 22 4.4
1422848840 15 3.0
1422848848 12 2.4
1422848856 18 3.6
1422848864 27 5.4
1422848872 23 4.6
1422848880 29 5.8
1422848888 17 3.4
1422848896 23 4.6
1422848904 19 3.8
1422848912 19 3.8
1422848920 26 5.2
1422848928 18 3.6
1422848936 14 2.8
1422848944 18 3.6
1422848952 23 4.6
1422848960 11 2.2
1422848968 23 4.6
1422848976 22 4.4
1422848984 19 3.8
1422848992 29 5.8
1422849000 25 5.0
1422849008 21 4.2
1422849016 30 6.0
1422849024 21 4.2
1422849032 16 3.2
1422849040 20 4.0
1422849048 24 4.8
1422849056 28 5.6
1422849064 20 4.0
1422849072 24 4.8
1422849080 33 6.6
1422849088 20 4.0
1422849096 28 5.6
1422849104 15 3.0
1422849112 10 2.0
1422849120 20 4.0
1422849128 14 2.8
1422849136 12 2.4
1422849144 17 3.4
1422849152 2 0.4
1422849160 4 0.8
1422849168 6 1.2
1422849176 5 1.0
1422849184 3 0.6
1422849192 5 1.0
1422849200 1 0.2
1422849208 2 0.4
1422849216 3 0.6
1422849224 3 0.6
1422849232 7 1.4
1422849240 4 0.8
1422849248 3 0.6
1422849256 2 0.4
1422849264 4 0.8
1422849272 0 0.0
1422849280 3 0.6
1422849288 4 0.8
1422849296 4 0.8
1422849304 2 0.4
1422849312 2 0.4
1422849320 1 0.2
1422849328 2 0.4
1422849336 2 0.4
1422849344 3 0.6
1422849352 4 0.8
1422849360 4 0.8
1422849368 1 0.2
1422849376 5 1.0
1422849384 4 0.8
1422849392 3 0.6
1422849400 2 0.4
1422849408 3 0.6
1422849416 2 0.4
1422849424 5 1.0
1422849432 2 0.4
1422849440 3 0.6
1422849448 1 0.2
1422849456 4 0.8
1422849464 4 0.8
1422849472 4 0.8
1422849480 1 0.2
1422849488 7 1.4
1422849496 3 0.6
1422849504 5 1.0
1422849512 2 0.4
1422849520 3 0.6
1422849528 2 0.4
1422849536 1 0.2
1422849544 4 0.8
1422849552 4 0.8
1422849560 3 0.6
1422849568 3 0.6
1422849576 0 0.0
1422849584 4 0.8
1422849592 1 0.2
