1422845400 177 22.125
1422845408 175 21.875
1422845416 182 22.75
1422845424 187 23.375
1422845432 168 21.0
1422845440 136 17.0
1422845448 121 15.125
1422845456 129 16.125
1422845464 116 14.5
1422845472 149 18.625
1422845480 138 17.25
1422845488 165 20.625
1422845496 145 18.125
1422845504 174 21.75
1422845512 145 18.125
1422845520 137 17.125
1422845528 149 18.625
1422845536 141 17.625
1422845544 137 17.125
1422845552 120 15.0
1422845560 137 17.125
1422845568 153 19.125
1422845576 149 18.625
1422845584 69 8.625
1422845592 113 14.125
1422845600 106 13.25
1422845608 105 13.125
1422845616 87 10.875
1422845624 86 10.75
1422845632 104 13.0
1422845640 83 10.375
1422845648 69 8.625
1422845656 91 11.375
1422845664 67 8.375
1422845672 50 6.25
1422845680 50 6.25
1422845688 68 8.5
1422845696 94 11.75
1422845704 70 8.75
1422845712 93 11.625
1422845720 77 9.625
1422845728 69 8.625
1422845736 67 8.375
1422845744 43 5.375
1422845752 54 6.75
1422845760 50 6.25
1422845768 80 10.0
1422845776 64 8.0
1422845784 63 7.875
1422845792 78 9.75
1422845800 68 8.5
1422845808 72 9.0
1422845816 64 8.0
1422845824 83 10.375
1422845832 119 14.875
1422845840 141 17.625
1422845848 201 25.125
1422845856 255 31.875
1422845864 283 35.375
1422845872 323 40.375
1422845880 371 46.375
1422845888 327 40.875
1422845896 379 47.375
1422845904 390 48.75
1422845912 392 49.0
1422845920 379 47.375
1422845928 374 46.75
1422845936 352 44.0
1422845944 277 34.625
1422845952 255 31.875
1422845960 286 35.75
1422845968 239 29.875
1422845976 70 8.75
1422845984 80 10.0
1422845992 91 11.375
1422846000 189 23.625
1422846008 247 30.875
1422846016 328 41.0
1422846024 315 39.375
1422846032 389 48.625
1422846040 365 45.625
1422846048 359 44.875
1422846056 391 48.875
1422846064 413 51.625
1422846072 393 49.125
1422846080 385 48.125
1422846088 377 47.125
1422846096 440 55.0
1422846104 444 55.5
1422846112 429 53.625
1422846120 408 51.0
1422846128 293 36.625
1422846136 316 39.5
1422846144 277 34.625
1422846152 273 34.125
1422846160 292 36.5
1422846168 244 30.5
1422846176 248 31.0
1422846184 190 23.75
1422846192 205 25.625
1422846200 156 19.5
1422846208 169 21.125
1422846216 275 34.375
1422846224 236 29.5
1422846232 224 28.0
1422846240 155 19.375
1422846248 201 25.125
1422846256 276 34.5
1422846264 371 46.375
1422846272 429 53.625
1422846280 380 47.5
1422846288 428 53.5
1422846296 411 51.375
1422846304 312 39.0
1422846312 286 35.75
1422846320 306 38.25
1422846328 326 40.75
1422846336 299 37.375
1422846344 320 40.0
1422846352 313 39.125
1422846360 255 31.875
1422846368 265 33.125
1422846376 244 30.5
1422846384 265 33.125
1422846392 307 38.375
1422846400 295 36.875
1422846408 339 42.375
1422846416 276 34.5
1422846424 289 36.125
1422846432 316 39.5
1422846440 290 36.25
1422846448 263 32.875
1422846456 322 40.25
1422846464 341 42.625
1422846472 312 39.0
1422846480 316 39.5
1422846488 312 39.0
1422846496 326 40.75
1422846504 345 43.125
1422846512 295 36.875
1422846520 249 31.125
1422846528 259 32.375
1422846536 269 33.625
1422846544 252 31.5
1422846552 274 34.25
1422846560 240 30.0
1422846568 242 30.25
1422846576 260 32.5
1422846584 225 28.125
1422846592 190 23.75
1422846600 171 21.375
1422846608 216 27.0
1422846616 181 22.625
1422846624 177 22.125
1422846632 164 20.5
1422846640 172 21.5
1422846648 218 27.25
1422846656 248 31.0
1422846664 195 24.375
1422846672 172 21.5
1422846680 130 16.25
1422846688 155 19.375
1422846696 101 12.625
1422846704 143 17.875
1422846712 135 16.875
1422846720 167 20.875
1422846728 151 18.875
1422846736 111 13.875
1422846744 116 14.5
1422846752 118 14.75
1422846760 119 14.875
1422846768 121 15.125
1422846776 103 12.875
1422846784 122 15.25
1422846792 118 14.75
1422846800 105 13.125
1422846808 103 12.875
1422846816 122 15.25
1422846824 118 14.75
1422846832 119 14.875
1422846840 102 12.75
1422846848 92 11.5
1422846856 106 13.25
1422846864 116 14.5
1422846872 111 13.875
1422846880 96 12.0
1422846888 110 13.75
1422846896 97 12.125
1422846904 91 11.375
1422846912 95 11.875
1422846920 82 10.25
1422846928 107 13.375
1422846936 63 7.875
1422846944 79 9.875
1422846952 95 11.875
1422846960 115 14.375
1422846968 104 13.0
1422846976 97 12.125
1422846984 91 11.375
1422846992 100 12.5
1422847000 89 11.125
1422847008 99 12.375
1422847016 105 13.125
1422847024 86 10.75
1422847032 87 10.875
1422847040 80 10.0
1422847048 95 11.875
1422847056 94 11.75
1422847064 81 10.125
1422847072 86 10.75
1422847080 97 12.125
1422847088 66 8.25
1422847096 72 9.0
1422847104 71 8.875
1422847112 73 9.125
1422847120 70 8.75
1422847128 76 9.5
1422847136 67 8.375
1422847144 66 8.25
1422847152 70 8.75
1422847160 74 9.25
1422847168 94 11.75
1422847176 85 10.625
1422847184 74 9.25
1422847192 81 10.125
1422847200 64 8.0
1422847208 63 7.875
1422847216 58 7.25
1422847224 73 9.125
1422847232 58 7.25
1422847240 53 6.625
1422847248 61 7.625
1422847256 71 8.875
1422847264 70 8.75
1422847272 58 7.25
1422847280 55 6.875
1422847288 76 9.5
1422847296 67 8.375
1422847304 54 6.75
1422847312 67 8.375
1422847320 63 7.875
1422847328 47 5.875
1422847336 64 8.0
1422847344 83 10.375
1422847352 66 8.25
1422847360 67 8.375
1422847368 78 9.75
1422847376 82 10.25
1422847384 69 8.625
1422847392 47 5.875
1422847400 67 8.375
1422847408 69 8.625
1422847416 84 10.5
1422847424 69 8.625
1422847432 55 6.875
1422847440 73 9.125
1422847448 81 10.125
1422847456 72 9.0
1422847464 60 7.5
1422847472 61 7.625
1422847480 75 9.375
1422847488 46 5.75
1422847496 56 7.0
1422847504 54 6.75
1422847512 53 6.625
1422847520 57 7.125
1422847528 52 6.5
1422847536 68 8.5
1422847544 65 8.125
1422847552 64 8.0
1422847560 72 9.0
1422847568 61 7.625
1422847576 60 7.5
1422847584 68 8.5
1422847592 64 8.0
1422847600 68 8.5
1422847608 75 9.375
1422847616 76 9.5
1422847624 46 5.75
1422847632 53 6.625
1422847640 73 9.125
1422847648 56 7.0
1422847656 57 7.125
1422847664 53 6.625
1422847672 57 7.125
1422847680 61 7.625
1422847688 71 8.875
1422847696 61 7.625
1422847704 69 8.625
1422847712 62 7.75
1422847720 63 7.875
1422847728 72 9.0
1422847736 55 6.875
1422847744 60 7.5
1422847752 62 7.75
1422847760 43 5.375
1422847768 40 5.0
1422847776 51 6.375
1422847784 61 7.625
1422847792 45 5.625
1422847800 52 6.5
1422847808 40 5.0
1422847816 41 5.125
1422847824 44 5.5
1422847832 38 4.75
1422847840 43 5.375
1422847848 39 4.875
1422847856 37 4.625
1422847864 26 3.25
1422847872 24 3.0
1422847880 41 5.125
1422847888 44 5.5
1422847896 36 4.5
1422847904 34 4.25
1422847912 36 4.5
1422847920 33 4.125
1422847928 22 2.75
1422847936 40 5.0
1422847944 42 5.25
1422847952 37 4.625
1422847960 38 4.75
1422847968 39 4.875
1422847976 50 6.25
1422847984 35 4.375
1422847992 50 6.25
1422848000 27 3.375
1422848008 47 5.875
1422848016 35 4.375
1422848024 39 4.875
1422848032 33 4.125
1422848040 41 5.125
1422848048 35 4.375
1422848056 41 5.125
1422848064 43 5.375
1422848072 42 5.25
1422848080 36 4.5
1422848088 41 5.125
1422848096 34 4.25
1422848104 30 3.75
1422848112 47 5.875
1422848120 39 4.875
1422848128 42 5.25
1422848136 37 4.625
1422848144 29 3.625
1422848152 31 3.875
1422848160 39 4.875
1422848168 30 3.75
1422848176 29 3.625
1422848184 25 3.125
1422848192 50 6.25
1422848200 29 3.625
1422848208 37 4.625
1422848216 33 4.125
1422848224 38 4.75
1422848232 32 4.0
1422848240 29 3.625
1422848248 34 4.25
1422848256 32 4.0
1422848264 29 3.625
1422848272 33 4.125
1422848280 27 3.375
1422848288 30 3.75
1422848296 36 4.5
1422848304 37 4.625
1422848312 30 3.75
1422848320 25 3.125
1422848328 29 3.625
1422848336 29 3.625
1422848344 27 3.375
1422848352 22 2.75
1422848360 22 2.75
1422848368 33 4.125
1422848376 23 2.875
1422848384 29 3.625
1422848392 32 4.0
1422848400 24 3.0
1422848408 28 3.5
1422848416 30 3.75
1422848424 26 3.25
1422848432 23 2.875
1422848440 21 2.625
1422848448 21 2.625
1422848456 33 4.125
1422848464 34 4.25
1422848472 22 2.75
1422848480 25 3.125
1422848488 34 4.25
1422848496 23 2.875
1422848504 23 2.875
1422848512 29 3.625
1422848520 15 1.875
1422848528 14 1.75
1422848536 28 3.5
1422848544 25 3.125
1422848552 25 3.125
1422848560 29 3.625
1422848568 35 4.375
1422848576 21 2.625
1422848584 23 2.875
1422848592 27 3.375
1422848600 21 2.625
1422848608 30 3.75
1422848616 19 2.375
1422848624 21 2.625
1422848632 29 3.625
1422848640 21 2.625
1422848648 30 3.75
1422848656 23 2.875
1422848664 28 3.5
1422848672 20 2.5
1422848680 13 1.625
1422848688 20 2.5
1422848696 29 3.625
1422848704 15 1.875
1422848712 19 2.375
1422848720 19 2.375
1422848728 22 2.75
1422848736 17 2.125
1422848744 28 3.5
1422848752 19 2.375
1422848760 19 2.375
1422848768 18 2.25
1422848776 15 1.875
1422848784 28 3.5
1422848792 18 2.25
1422848800 25 3.125
1422848808 19 2.375
1422848816 33 4.125
1422848824 20 2.5
1422848832 22 2.75
1422848840 15 1.875
1422848848 12 1.5
1422848856 18 2.25
1422848864 27 3.375
1422848872 23 2.875
1422848880 29 3.625
1422848888 17 2.125
1422848896 23 2.875
1422848904 19 2.375
1422848912 19 2.375
1422848920 26 3.25
1422848928 18 2.25
1422848936 14 1.75
1422848944 18 2.25
1422848952 23 2.875
1422848960 11 1.375
1422848968 23 2.875
1422848976 22 2.75
1422848984 19 2.375
1422848992 29 3.625
1422849000 25 3.125
1422849008 21 2.625
1422849016 30 3.75
1422849024 21 2.625
1422849032 16 2.0
1422849040 20 2.5
1422849048 24 3.0
1422849056 28 3.5
1422849064 20 2.5
1422849072 24 3.0
1422849080 33 4.125
1422849088 20 2.5
1422849096 28 3.5
1422849104 15 1.875
1422849112 10 1.25
1422849120 20 2.5
1422849128 14 1.75
1422849136 12 1.5
1422849144 17 2.125
1422849152 2 0.25
1422849160 4 0.5
1422849168 6 0.75
1422849176 5 0.625
1422849184 3 0.375
1422849192 5 0.625
1422849200 1 0.125
1422849208 2 0.25
1422849216 3 0.375
1422849224 3 0.375
1422849232 7 0.875
1422849240 4 0.5
1422849248 3 0.375
1422849256 2 0.25
1422849264 4 0.5
1422849272 0 0.0
1422849280 3 0.375
1422849288 4 0.5
1422849296 4 0.5
1422849304 2 0.25
1422849312 2 0.25
1422849320 1 0.125
1422849328 2 0.25
1422849336 2 0.25
1422849344 3 0.375
1422849352 4 0.5
1422849360 4 0.5
1422849368 1 0.125
1422849376 5 0.625
1422849384 4 0.5
1422849392 3 0.375
1422849400 2 0.25
1422849408 3 0.375
1422849416 2 0.25
1422849424 5 0.625
1422849432 2 0.25
1422849440 3 0.375
1422849448 1 0.125
1422849456 4 0.5
1422849464 4 0.5
1422849472 4 0.5
1422849480 1 0.125
1422849488 7 0.875
1422849496 3 0.375
1422849504 5 0.625
1422849512 2 0.25
1422849520 3 0.375
1422849528 2 0.25
1422849536 1 0.125
1422849544 4 0.5
1422849552 4 0.5
1422849560 3 0.375
1422849568 3 0.375
1422849576 0 0.0
1422849584 4 0.5
1422849592 1 0.125
1422849600 3 0.375
